. DEUX DISOOURS DE CALVIN AU OOLLOQUE DE LAUSANNE

1, 616161 06166166666161616616166666661166116.

&W ⁶¹· ⁶· ⁰⁰‘⁰⁶'⁶ Μ’) 11111111 111 gam? W

Ie m’estoie 6161616 16 666166 1666666166616 661 6116611616 11111. 8. pQuand 16 1611611116 61 11111
heure 61 66666 16111661 de 116 61616116 16666661 666661616111 666 66166 661161116 66 6611 6616
16 fin, 666611666116 6616116 1161611 66 1661 66- 66666166 16 6111 16 116116. 06111611611 66666·
66166616166111661166 666661666 666 6116111166 6661161166661611166 6166616611616661666
166166 11661 61 Vitat„ 11616 16 66666616 666 vous 616616166. Affin 1616 16 166166 666 611616 16
16666666 161616 touchant 166 6611616 16616666 61- 116116 1166611611611611666616169166, 1666 1666
61616116 6611661161 (16 dire ung 61616666 66116661666 66666616 61 16 6611616 6666116 y 1161616 166 666666
1616161611 66111161 11661616616 66666 6666 1666 166 61161161616 166 66616116166611166 66161666
6666666 61 666161116161. 1666 1666 11166666 666 1661666166 16 66 1616 1166116166 6616 66616
1666166 6611611161661161661661661666, 611661- seigneur commando 16 66611161 666 661 6666166
166116 661661666 6’6616611·16116661666 166 661· S. Pierre 666 6661 661 6661611 61 661 eglise 661·-
1616 6611661666 61 61666666 116616166666. 116611 161166 6666116 61 161 1666 666616 166161161666
66 661161161611 1666 16 66166616 point 66 16 66166616161661616616666616 616666 66161 661
666616 66111166 16166116 monde non 66 611611 6661616 61 6616116166, 16 16 6661616 116161116 16
1611666166 mais arrogans outre 1166166, 611666 16611166161161166 11116 16 66616166 6616616661
661616 1616 6666116666 1611166 61 116666666616116 1616 6 6616 6611111166 6666 116161161116116 1666.
6666666 116166, 16666661166166616666166. S’ii 111666666161661616161166116161666166 61666

66161161161, 166616 6661161616 point 16 6611616 61166166 666 666 ung 6166116 11666111 1661111611 ·

1166 lire 611666 666616 16 leur 16616116 61611 1166· 6616616616 6161666166 (1661611 16161166. Gar nous
1166 66161666 16666161 s'y 6116116. (1611611611 16661111666661661 6111611666 16661116616116616116
666 6611 6611611661111611 161661 661166 16 6666 66616 616 66666116, mais il 661 66661161 16
666666166 666661116166 611666 61 61 6661 hon· Ι 6666616661111661 16 1116666616 16 616 616616116, 66-
111 w 111111011111111111 335:ss 11111111 3101111“61“111.ἰ11111“115
’ 116611.Θ (11111116661161161161166666166, 1111661661, 66166 61 6111111611 6611 6661616 666 66 6616116
16161616661666661161666616661616111. Μ616 661 61 66116 6661 6666116 616666661611611 Et
66 6661666 166 666161Ζ161616666 6366116161. 66 161ιὲ offla 666 16ῇ16161ἑί66 666116 666166666666 οἑ1ἱ6161α6116
116111 ’11 116111 ffi- Sssssffloeeffe 111(1111111111111111611111,6111
61666 611611 “ 66666616161161616666161161116 1116166111 6666 ung 1661616166161166611 666661·
ge 16 6666116 16 seigneur, laquelle seule 6666 6111666 61 666166. 666 66 66 661116111166666611616161
6161666666 1611166166 66111166 61 1661166161666- 666 661661666 66 tim 6661166 1 1661166 616
661666166 16 666666 61 66. Et 66661611 quil

1) 1⁴⁶ 111111 portait σε 101111 w 10 misiam 110⁸ din ny 66611 66616 6661 16616161666, 6661 Dieu qui 661

mstfflffl (3⁰⁹3 fflggfrffldgfflbufffflff 16 seigneur 16616 61 16 11661 Ι1661 vray 666 16 6666

Acus fd, 63 „mo a ww, Mat, 666, Mans, de sm 666 661 1116616166 11161616116 616666611161611666
IV. 6. 181 661. , 6661 666 61111666 66616 661666166, 666616166611 61

 

